Analysis: Bayesian GLM via BIC - Bayes Factor Approximation
timestamp: 20251119_0005
n_subjects: 1710
aetiology_selected: stroke
image_shape: 91,109,91
analysed_voxels: 222060
minimum_BF: 0.02418254129588604
maximum_BF: 677.8101806640625
pearson_transform: pearson_r
